Cs229

#This File Was Created By sndgen

Samples       1

Channels      240

BitRes        8

SampeleRate   12

#WaveType     SINE

StartData
0
1
3
0
-7
-9
0
12
14
0
-18
-20
0
23
25
0
-29
-31
0
34
36
0
-40
-42
0
45
47
0
-51
-53
0
56
58
0
-62
-64
0
67
69
0
-73
-75
0
78
80
0
-84
-86
0
89
91
0
-95
-97
0
100
102
0
-106
-108
0
109
108
0
-106
-105
0
103
102
0
-100
-99
0
98
97
0
-95
-94
0
92
91
0
-89
-88
0
87
86
0
-84
-83
0
81
80
0
-78
-77
0
76
75
0
-73
-72
0
70
69
0
-67
-66
0
65
64
0
-62
-61
0
59
58
0
-56
-55
0
54
54
0
-54
-54
0
54
54
0
-54
-54
0
54
54
0
-54
-54
0
54
54
0
-54
-54
0
54
54
0
-54
-54
0
54
54
0
-54
-54
0
54
54
0
-54
-54
0
54
54
0
-54
-54
0
54
54
0
-54
-54
0
54
54
0
-54
-54
0
54
53
0
-51
-50
0
48
47
0
-45
-44
0
43
42
0
-40
-39
0
37
36
0
-34
-33
0
32
31
0
-29
-28
0
26
25
0
-23
-22
0
21
20
0
-18
-17
0
15
14
0
-12
-11
0
10
9
0
-7
-6
0
4
3
0
-1
0
0
